5101,'4753',1025,,674,14,4,,0,101,,675,11,4,,0,109,,676,14,4,,0,121,,677,11,4,,0,149,,678,14,4,,0
5101,'5089',1025,,679,14,4,,0,101,,680,11,4,,0,109,,681,14,4,,0,121,,682,11,4,,0,149,,683,14,4,,0,101,,684,11,4,,0
5101,'5090',1025,,685,14,4,,0,101,,686,11,4,,0,109,,687,14,4,,0,121,,688,11,4,,0,149,,689,14,4,,0
5101,'5092',1025,,690,14,4,,0,101,,691,11,4,,0,109,,692,14,4,,0,121,,693,11,4,,0,149,,694,14,4,,0
5200,'4753',930,,695,1,,,0,110,,696,1,,,0,100,,697,1,,,0,170,,698,1,,,0,100,,699,1,,,0
5200,'5089',850,,705,1,,,0,80,,700,1,,,0,110,,701,1,,,0,100,,702,1,,,0,170,,703,1,,,0,100,,704,1,,,0,110,,706,1,,,0
5200,'5090',930,,707,1,,,0,110,,708,1,,,0,100,,709,1,,,0,170,,710,1,,,0,100,,711,1,,,0
5200,'5092',930,,712,1,,,0,110,,713,1,,,0,100,,714,1,,,0,170,,715,1,,,0,100,,716,1,,,0
5400,'4753',850,,717,1,0,8,0,660,,718,1,0,8,0
5400,'5092',850,,720,1,0,8,0,660,,721,1,0,8,0,140,,719,1,0,8,0
