5101,162006,1,0,0
5101,162008,2,0,0
5101,162009,3,0,0
5101,162010,4,0,0
5101,162011,5,0,0
5101,162023,6,0,0
5101,162024,7,0,0
5101,162025,8,0,0
5101,162026,9,0,0
5101,162027,10,0,0
5101,162012,11,0,0
5101,162013,12,0,0
5101,162030,13,0,0
5101,162007,14,1,1
5200,162007,1,0,0
5200,162032,2,0,0
5200,162033,3,0,0
5200,162034,4,0,0
5200,162029,5,0,0
5200,162002,6,0,0
5200,162021,7,0,0
5200,162020,8,0,0
5200,162022,9,0,0
5200,162028,10,0,0
5200,162003,11,0,0
5200,162004,12,0,0
5200,162005,13,0,0
5200,162006,14,1,1
5400,162007,1,0,0
5400,162032,2,0,0
5400,162033,3,0,0
5400,162034,4,0,0
5400,162002,5,0,0
5400,162021,6,0,0
5400,162031,7,0,0
5400,162019,8,0,0
5400,162000,9,0,0
5400,162018,10,1,1
5401,162018,1,0,0
5401,162001,2,0,0
5401,162022,3,0,0
5401,162028,4,0,0
5401,162003,5,0,0
5401,162004,6,0,0
5401,162005,7,0,0
5401,162006,8,1,1
