5101,'4753',946,,674,1,0,9 10 2 11,0,110,,675,1,,,0,100,,676,1,0,9 10 2 11,0,170,,677,1,,,0,100,,678,1,0,9 10 2 11,0
5101,'5089',946,,679,1,0,9 10 2 11,0,110,,680,1,,,0,100,,681,1,0,9 10 2 11,0,170,,682,1,,,0,100,,683,1,0,9 10 2 11,0,110,,684,1,,,0
5101,'5090',946,,685,1,0,9 10 2 11,0,110,,686,1,,,0,100,,687,1,0,9 10 2 11,0,170,,688,1,,,0,100,,689,1,0,9 10 2 11,0
5101,'5092',946,,690,1,0,9 10 2 11,0,110,,691,1,,,0,100,,692,1,0,9 10 2 11,0,170,,693,1,,,0,100,,694,1,0,9 10 2 11,0
5200,'4753',946,,695,15,4,,0,110,,696,15,4,,0,100,,697,15,4,,0,170,,698,15,4,,0,100,,699,15,4,,0
5200,'5089',906,,705,15,4,,0,40,,700,15,4,,0,110,,701,15,4,,0,100,,702,15,4,,0,170,,703,15,4,,0,100,,704,15,4,,0,110,,706,15,4,,0
5200,'5090',946,,707,15,4,,0,110,,708,15,4,,0,100,,709,15,4,,0,170,,710,15,4,,0,100,,711,15,4,,0
5200,'5092',946,,712,15,4,,0,110,,713,15,4,,0,100,,714,15,4,,0,170,,715,15,4,,0,100,,716,15,4,,0
5401,'4753',923,,722,8,4,,0,620,,723,8,4,,0
5401,'5092',830,,726,8,4,,0,93,,724,8,4,,0,620,,725,8,4,,0
